.Random.seed <-
c(10403L, 10L, 401967193L, -1822709653L, 1208921562L, -1031006564L, 
1505749151L, 752083701L, -878764148L, 1236422242L, -1821511107L, 
188071095L, -230636706L, 2008737432L, 81266171L, -1077209191L, 
-732356568L, 1439426774L, 2040130897L, -1420411901L, -549346414L, 
-864022236L, -1212545049L, 1865251901L, -1499256140L, -1831499494L, 
-579401115L, -2030207233L, 1533117318L, 944571664L, -1062609485L, 
-1337508271L, -1103741440L, 1273174750L, 890026281L, -1170242341L, 
-726039574L, -156355700L, -848972593L, 1161108613L, 1816893244L, 
-1121581550L, -388365043L, -2138935737L, 1744794670L, 2096069000L, 
152158347L, -1379394967L, 71870008L, 421502694L, 57391745L, 906241555L, 
733901250L, -1297270156L, -631448457L, 2144773485L, 1542568452L, 
463165738L, 1009069717L, 1446511919L, 1169211446L, -1225182112L, 
1931623075L, -1910370879L, -1075484240L, -976701234L, 1474250297L, 
-1445504949L, -1847670278L, 328238332L, 2005608767L, 1268000277L, 
1613968684L, -1917716990L, -830468899L, 1493825495L, 85377726L, 
1616123128L, 1515907803L, -803524295L, -1678003064L, -1224625098L, 
-1242263439L, 138363555L, 1291851762L, -1291207868L, 135107591L, 
365654493L, 1041444564L, 1169215994L, 875183429L, -760673889L, 
924351270L, 147907504L, -879169453L, 697690993L, 479664800L, 
939863614L, -880048823L, 1152547835L, -1335787574L, 964186412L, 
882068783L, 1773646821L, 1664182940L, 51932914L, -1542283411L, 
-1439057753L, 1021221582L, 1764427816L, -1139829717L, -1433020855L, 
998858584L, -1128048122L, -168360991L, 1753997683L, -87371294L, 
-1649498796L, 987257943L, -1509138355L, -284728348L, -213433910L, 
1804388405L, -1810446705L, -467732586L, -19981504L, -1180494333L, 
1673030689L, 1534607120L, -1591749394L, -1691370343L, 35297579L, 
-1590046694L, 287935196L, 1543805663L, 1010295989L, -1776119220L, 
1215078050L, 685221373L, -1616359689L, 974301214L, 1994754776L, 
-8651205L, 954739673L, -1878820504L, 1337823382L, -447484399L, 
-164132925L, 1248263122L, -1464383900L, -486877785L, -1375745283L, 
40144628L, 349809114L, -1052283611L, 2020424767L, 282880966L, 
-1034500016L, 1271571571L, -660354927L, 1056479424L, -1317530978L, 
13160041L, -940581221L, 2079110058L, -1637591092L, 2052008591L, 
-1178123579L, -454382980L, 154904274L, 490164813L, -1371848953L, 
266281710L, 1342330824L, 536074443L, 2096884009L, 544067960L, 
-854075738L, 4022465L, 1164749139L, 1586025986L, 666119988L, 
-528974665L, -12186451L, -818497084L, -847996438L, 1558685269L, 
1007532015L, 2002175990L, -138723040L, -1147359517L, 1979635585L, 
-988311056L, -750874482L, -982788103L, -2074628725L, -945481286L, 
-1703880516L, -1009452033L, -447059627L, -31804820L, 588535490L, 
-800153315L, 1498371991L, -1352658178L, -592877384L, -1778650469L, 
2112815353L, -2073288120L, -995250826L, -984654671L, 1668157667L, 
1162293170L, 133345284L, 138715975L, 554498589L, -1845243756L, 
-1717411782L, 1053672069L, -406076577L, 1302887398L, 1996650096L, 
-1415677549L, 2014232113L, 2018997472L, -438360706L, -1008486391L, 
212547643L, 2140341770L, -634795844L, -1112899790L, -1476924864L, 
-2112152396L, -299339192L, 944534970L, 1734181392L, 1304716012L, 
890741076L, 57843986L, 1884384672L, 545043148L, -306348448L, 
-1723213886L, 2005022504L, 1462284204L, -1031130308L, -2011231886L, 
1754176304L, -323732188L, 850496312L, 2072964826L, 1475528592L, 
-1518072068L, 2087271316L, -918671294L, -1689545472L, 835077180L, 
1851720016L, -566296414L, 2001809736L, 506300172L, -28441892L, 
-919003822L, 1177343104L, -1891471276L, 823218152L, 627697914L, 
-1575347376L, -904380628L, 1865107828L, -1138218094L, -2125629344L, 
2084740492L, -741426336L, -1180960286L, -268020824L, 17142988L, 
-1276424196L, 89105842L, -562145808L, -1817056316L, 1329444184L, 
353606010L, -2098445392L, 1957337532L, -1223079852L, 1333102530L, 
-384004064L, -2084403012L, -865869232L, -987946014L, 67068008L, 
-1717324724L, -217421572L, -2142360590L, 1185769728L, 2064896372L, 
-595002360L, 111267770L, -2088599088L, -500143124L, 1781936532L, 
1968665042L, -2036670112L, 720789324L, -1898931936L, -1462194302L, 
1082367720L, -238645012L, 63812668L, 737061746L, -1782546832L, 
-1993018332L, -561689800L, 1252199578L, -1789627696L, 5472444L, 
-1102303596L, -1035483518L, -791832384L, 796914492L, 688069776L, 
1700748834L, -79380472L, 1553399052L, 1304992924L, 1417944594L, 
231522176L, 380661268L, -2142008792L, 1723974970L, -1493411376L, 
376714348L, 1072085300L, -1537841518L, -104559776L, 665092940L, 
1533908960L, -1291311198L, -1741731928L, -128594548L, 86829244L, 
2112063858L, 2049324272L, -139526076L, -32370344L, -1613416902L, 
1156225904L, -573212612L, -1015308524L, -458885694L, 1903278816L, 
-1977735300L, 1198780112L, 140425378L, -1219142616L, -269802228L, 
511125436L, 1752426802L, 956852672L, 2014218804L, -182211640L, 
2103277754L, 1735432592L, 793178604L, -1037106604L, -2143158126L, 
-535101664L, 1837377996L, 603510240L, 1514600130L, 1297589288L, 
311030444L, 309511356L, -659719694L, -61259472L, -1939696476L, 
1449125560L, -1969484454L, -119708272L, 649319292L, 443250964L, 
1087083330L, -1976288512L, -455542852L, -1948893360L, -537115870L, 
-356655800L, -1555924468L, -1587062692L, -2041492270L, -2018125312L, 
-93336236L, -302310936L, -1701241862L, 196522192L, 836533548L, 
-135597324L, -840767086L, -1925385120L, 1711719692L, -1994779936L, 
1496942946L, -2102359384L, -1084534196L, -138051204L, 513344818L, 
-1906536336L, 1922168644L, 181194200L, -2078942086L, 1118711344L, 
-34829636L, -1275605164L, 1389950018L, -155349600L, -882287940L, 
1507269072L, 1375604066L, 649129960L, -1473337396L, 175111932L, 
-1583980046L, 1051084928L, -1080896268L, 1178023560L, -1094203590L, 
714953552L, 398784108L, 178360468L, 973414738L, 923188960L, -976407860L, 
1151013024L, 1733000066L, 1981002472L, -1087941908L, 1621388348L, 
1936351858L, -1547860880L, 481232420L, -1289329608L, 1341753370L, 
139905744L, -2015009732L, -1176636268L, -1199494014L, -642938944L, 
445299004L, 183898768L, 1419279394L, -1074224120L, -1979877236L, 
1859619868L, 1733568146L, -401042304L, -1338008252L, 144351349L, 
-1853656609L, 972365112L, -180826346L, -500715741L, 1242934501L, 
-924198654L, 58415984L, -1033489639L, 795886347L, -1293414404L, 
-1423528918L, 117325919L, 1959880681L, -1145935618L, -1889314580L, 
992173117L, 152711175L, 1850305520L, 873645966L, -1965427269L, 
1273066397L, 1400138058L, 418865512L, 1751066449L, -1431907261L, 
-1604428476L, 809754098L, 2009421767L, 122927505L, -1661555434L, 
-598051468L, 1546580997L, 537130063L, 1333528648L, 1891991014L, 
-1813671149L, -188423051L, 834453074L, 455162016L, 1087926665L, 
-162987589L, -404054516L, -1528543334L, 967577359L, -2073553575L, 
-992530450L, -1965050244L, -1513070867L, -2046613097L, 1921876576L, 
1172658238L, -1389272821L, -1076374643L, -1293897542L, -186124552L, 
-1222353759L, -1009989549L, 789418868L, -741846782L, 469651863L, 
279407457L, 28463014L, -968746588L, 1398448213L, 1169446143L, 
-1556022888L, -1982987594L, -1137779901L, -1197971835L, 581389090L, 
85913616L, -1163564103L, -897532821L, -1759510692L, -936057206L, 
1859109503L, 660786121L, 1563097182L, 476179212L, -1880378659L, 
-348415001L, 1338687504L, -1130975954L, -1591746085L, -174393667L, 
-539122646L, -1646668600L, 1281577457L, -457072797L, -404805788L, 
1014627986L, -290129049L, -2033228495L, -2131853706L, 215408532L, 
-64504923L, 112348335L, -1786134168L, -1748588218L, -412188429L, 
-1644446123L, -1662541262L, 89477120L, 860075241L, -672509093L, 
-1978329684L, 1578749370L, 1260157807L, -266912519L, 1871946126L, 
1016558684L, -67582259L, 478007863L, 1739675840L, -1483593826L, 
602172523L, 1848773613L, 1539116634L, -1842638568L, 1181785729L, 
555611187L, 1721254484L, 2101708386L, -658315017L, -1417934015L, 
1259848134L, 1198967556L, -46350667L, 446966175L, -1315609096L, 
-1781986346L, -2106296733L, 1522624037L, -948652606L, -575083856L, 
1964483289L, -216591285L, -1777833284L, 998136042L, -2034485985L, 
145235369L, -936027330L, 1740404268L, 159614077L, -105890105L, 
